1 117 5
2 100 5
3 88 5
4 72 4
6 53 4
9 29.5 3
10 25.2 3
13 15.2 2
15 11.1 2


0.5 127.818029629085
1 118.102134983597
1.5 109.12477940835
2 100.82982397037
2.5 93.165397052962
3 86.0835699820989
3.5 79.5400573095858
4 73.493939878746
4.5 67.9074089408505
5 62.7455297221519
5.5 57.9760229630128
6 53.5690630630079
6.5 49.4970915697213
7 45.7346448449124
7.5 42.2581948303765
8 39.0460019177499
8.5 36.0779790021936
9 33.3355658698316
9.5 30.8016131334384
10 28.4602749905801
10.5 26.2969101335836
11 24.297990191685
11.5 22.4510151328097
12 20.7444350959586
12.5 19.167578165388
13 17.7105836349256
13.5 16.3643403450987
14 15.1204297074737
14.5 13.9710730599129
15 12.9090830235429
15.5 11.92781855725

ThX is today known as Ra_224. 
The modern value of its half-life time is T_1/2 = 3.6313(14) days [1]

T_half of ThX is: 4.38379963473882

Therefore, the result from the least square fit is 20.77% larger than the modern value


     [1] DOI: 10.1016/j.apradiso.2020.109572
