.................................
TASK: Jacobi eigenvalue algorithm
`````````````````````````````````

a) Take a random matrix A:

         0          0          0          0          0 
         0         19          0          0          0 
         0          0          9          0          0 
         0          0          0         15          0 
         0          0          0          0         15 

         0          0          0          0          0 
         0          9   3.75e-32   3.75e-32   6.12e-16 
         0   3.75e-32         15    1.5e-32   2.45e-16 
         0   3.75e-32    1.5e-32         15   2.45e-16 
         0   6.12e-16   2.45e-16   2.45e-16         19 

         1          0          0          0          0 
         0   6.12e-17   6.12e-17   6.12e-17          1 
         0         -1   3.75e-33   3.75e-33   6.12e-17 
         0          0         -1   3.75e-33   6.12e-17 
         0          0          0         -1   6.12e-17 
