-1 0.35322690848236
-0.894736842105263 0.309802259625527
-0.789473684210526 0.124837110617201
-0.684210526315789 -0.179854467282462
-0.578947368421053 -0.521775260580296
-0.473684210526316 -0.778546959604401
-0.368421052631579 -0.834212341288874
-0.263157894736842 -0.632604991636986
-0.157894736842105 -0.211597087256371
-0.0526315789473685 0.301971142652196
0.0526315789473684 0.738545534638979
0.157894736842105 0.953842159707218
0.263157894736842 0.886951458303233
0.368421052631579 0.581374974294357
0.473684210526316 0.160599186123614
0.578947368421053 -0.227654398899546
0.684210526315789 -0.4705301385085
0.789473684210526 -0.526107340970266
0.894736842105263 -0.42454349264334
1 -0.240462049968584


-1 0.35322690848236 0.380508137599737
-0.97979797979798 0.354978662414129 0.370689759440524
-0.95959595959596 0.352231121729726 0.357668788614057
-0.939393939393939 0.344681547476605 0.341275663428252
-0.919191919191919 0.332080325774286 0.321356160001741
-0.898989898989899 0.314238777197229 0.29777674637716
-0.878787878787879 0.291036367733596 0.270430394659289
-0.858585858585859 0.262427143911851 0.23924276777668
-0.838383838383838 0.228445220004828 0.204178670383895
-0.818181818181818 0.1892091546214 0.165248625573289
-0.797979797979798 0.144925067493977 0.122515411454409
-0.777777777777778 0.0958883647818509 0.0761003654607979
-0.757575757575758 0.0424839625495819 0.026189240777097
-0.737373737373737 -0.0148150770427492 -0.0269626200331071
-0.717171717171717 -0.0754505542743096 -0.0830260428014022
-0.696969696969697 -0.138783811870795 -0.14159496612534
-0.676767676767677 -0.204102080453067 -0.202184825656938
-0.656565656565657 -0.270626449179677 -0.264232620086267
-0.636363636363636 -0.337521386398483 -0.327098878436183
-0.616161616161616 -0.403905700230282 -0.390071714900609
-0.595959595959596 -0.468864794959068 -0.452373112672123
-0.575757575757576 -0.531464046711275 -0.513167522327873
-0.555555555555556 -0.590763091976412 -0.66216429950531
-0.535353535353535 -0.64583079583278 -0.626673389543379
-0.515151515151515 -0.695760644026199 -0.677535732634944
-0.494949494949495 -0.739686284970436 -0.72322548206791
-0.474747474747475 -0.776796934872288 -0.762826409979899
-0.454545454545454 -0.806352352004202 -0.795460495273369
-0.434343434343434 -0.827697085005531 -0.820308757264148
-0.414141414141414 -0.840273705209702 -0.836632287793945
-0.393939393939394 -0.843634744446489 -0.843792884866981
-0.373737373737374 -0.837453077485235 -0.841272653256599
-0.353535353535353 -0.821530512044482 -0.828691920393915
-0.333333333333333 -0.795804378724626 -0.805824821745056
-0.313131313131313 -0.760351947807247 -0.772611940582182
-0.292929292929293 -0.715392538957015 -0.729169443418943
-0.272727272727273 -0.661287232686934 -0.675794234254978
-0.252525252525252 -0.598536138126955 -0.612964756906086
-0.232323232323232 -0.52777321920564 -0.541337202711394
-0.212121212121212 -0.449758729786792 -0.461737027313266
-0.191919191919192 -0.365369356530653 -0.375145840432054
-0.171717171717172 -0.275586215191739 -0.282683901043148
-0.151515151515151 -0.181480890654858 -0.185588620662604
-0.131313131313131 -0.0841997522192636 -0.0851896423817715
-0.111111111111111 0.0150531874941942 0.0171187848585455
-0.0909090909090908 0.115034569988846 0.119907286515144
-0.0707070707070706 0.214480818992603 0.221741745331589
-0.0505050505050504 0.312127754441901 0.321213570072959
-0.0303030303030303 0.406730335583859 0.416968811863541
-0.0101010101010101 0.497082171830163 0.507735117240011
0.0101010101010102 0.582034442931606 0.592345586477203
0.0303030303030305 0.660513880481713 0.669758737872229
0.0505050505050506 0.731539480493716 0.739073960767244
0.0707070707070707 0.794237641448025 0.799542065621481
0.0909090909090911 0.847855453236401 0.850570797790174
0.111111111111111 0.891771899144115 0.891725458182514
0.131313131313131 0.925506774590845 0.922725050464132
0.151515151515152 0.948727171861572 0.943434630205535
0.171717171717172 0.96125142847893 0.953854744578963
0.191919191919192 0.96305048711412 0.954109001011563
0.212121212121212 0.954246665884451 0.944430871938786
0.232323232323232 0.935109888413499 0.925150818331404
0.252525252525253 0.906051472025882 0.89668469253326
0.272727272727273 0.86761561885013 0.85952416596223
0.292929292929293 0.820468797419598 0.814229634231836
0.313131313131313 0.765387240697305 0.761425705735726
0.333333333333333 0.70324281952676 0.701799012231968
0.353535353535354 0.634987577681099 0.636097729206484
0.373737373737374 0.561637235448433 0.565131898887916
0.393939393939394 0.484253982710246 0.48977344573644
0.414141414141414 0.40392888956258 0.410954691397413
0.434343434343434 0.321764262681245 0.329664230189242
0.454545454545455 0.23885626898792 0.246939219311653
0.474747474747475 0.156278135033605 0.16385345641368
0.494949494949495 0.0750642113226668 0.0815010320873666
0.515151515151515 -0.00380483387283297 0.000975814881374604
0.535353535353535 -0.0794154561277207 -0.0766524979238414
0.555555555555556 -0.150933110313426 -0.150364601227534
0.575757575757576 -0.217612394945005 -0.21921857744846
0.595959595959596 -0.278805339415342 -0.28237596763713
0.616161616161616 -0.333967748382635 -0.339125175985197
0.636363636363636 -0.382663558276821 -0.388900586330743
0.656565656565657 -0.42456720110856 -0.431296043751351
0.676767676767677 -0.459464009637261 -0.466071754436035
0.696969696969697 -0.487248734680262 -0.493154141607738
0.717171717171717 -0.50792227919976 -0.512628715084664
0.737373737373737 -0.521586784157059 -0.524726515695891
0.757575757575758 -0.528439227449393 -0.52980513557389
0.777777777777778 -0.528763719131381 -0.528325652723089
0.797979797979798 -0.522922693278366 -0.520827027449862
0.818181818181818 -0.511347209101395 -0.507899578355401
0.838383838383838 -0.494526581222665 -0.490159090727015
0.858585858585859 -0.472997561431853 -0.468222927665032
0.878787878787879 -0.447333291943405 -0.442689241633563
0.898989898989899 -0.418132243438652 -0.414120054923124
0.919191919191919 -0.386007340369983 -0.383028627176882
0.939393939393939 -0.351575461568192 -0.349871189875863
0.95959595959596 -0.315447486631707 -0.315042829257946
0.97979797979798 -0.278219038436551 -0.278877060656741
1 -0.240462049968584 -0.241648470113385
